0.0 0.0 0.0
0.200225 0.0 0.0
0.401223 0.0 0.0
0.602221 0.0 0.0
0.803218 0.0 0.0
1.00422 0.0 0.0
1.20422 0.0 0.0
1.40423 0.0 0.0
1.60424 0.0 0.0
1.80425 0.0 0.0
2.00426 0.0 0.0
2.20525 0.0 0.0
2.40623 0.0 0.0
2.607220128441041 0.0 -0.00651314
2.808193895016153 -0.0013089887876179557 -0.0492359
3.0089348548828805 -0.011200644936971205 -0.0968987
3.2089820699142915 -0.03064585749601873 -0.144562
3.407866445927375 -0.059598951125652916 -0.192825
3.605119120810477 -0.09811271852734091 -0.244511
3.800126541881567 -0.14676768747402155 -0.298527
3.992204864258608 -0.20587461155082945 -0.352543
4.180826958143065 -0.2752711362667186 -0.40656
4.365419126158974 -0.3547468259849374 -0.460577
4.545445632528842 -0.444070147493152 -0.514596
4.720387029986724 -0.5429834686207102 -0.568611
4.889735421327498 -0.6511988918573806 -0.622626
5.052992891354029 -0.7683983023914629 -0.676641
5.209681238499397 -0.894237979734712 -0.730658
5.359349570649606 -1.0283562518506868 -0.784675
5.501555866327367 -1.1703570193472363 -0.838694
5.635880967302707 -1.3198212466658985 -0.892713
5.761940957037436 -1.4763210357650534 -0.946733
5.879369214902067 -1.6394019869974934 -1.00075
5.987816539555342 -1.808577630266692 -1.05478
6.086973200696109 -1.9833694880616566 -1.10879
6.176546720875463 -2.163254027093445 -1.16281
6.256276092027795 -2.347710609452692 -1.21683
6.325927310060936 -2.5361966448147313 -1.27085
6.385300250345745 -2.728169716004251 -1.32487
6.434223108477025 -2.9230759636010553 -1.37889
6.472550381734651 -3.1203368280030834 -1.43291
6.500169107014393 -3.3193664831148837 -1.48693
6.517002001246526 -3.519606690295584 -1.54094
6.523000467032621 -3.7204580333536104 -1.59496
6.518145211173417 -3.921350952817044 -1.64898
6.502451079171356 -4.121675912621613 -1.703
6.475993419064278 -4.320636644228777 -1.76167
6.437955753968494 -4.517492499447923 -1.84907
6.418678633043805 -4.5849690606292315 -2.04908
6.418678633043805 -4.5849690606292315 -2.24944
6.418678633043805 -4.5849690606292315 -2.4497
6.418678633043805 -4.5849690606292315 -2.64985
6.418678633043805 -4.5849690606292315 -2.84999
6.226534768709846 -4.642642769533838 -2.97148
6.028780373113387 -4.676611595275667 -2.98021
5.830699610892848 -4.708858834508362 -2.98893
5.63233018450301 -4.739379913679428 -2.99766
5.433712456393425 -4.768166552604235 -3.00639
5.234849115794928 -4.795218439155941 -3.01511
5.0357574223393895 -4.820535233917634 -3.02384
4.8364482212351545 -4.844113498382852 -3.03257
4.636950100442159 -4.865949896896877 -3.04129
4.437266345314497 -4.886046146251323 -3.05002
4.2374037403442255 -4.90439942482757 -3.05875
4.037404582782898 -4.921005892686789 -3.06747
3.837256777950761 -4.93586860848427 -3.0762
3.63698217059726 -4.948983796222192 -3.08492
3.4366194905250262 -4.9603510533351285 -3.09365
3.236144610255965 -4.969969721699595 -3.09857
3.035633144340755 -4.978601583406869 -3.10293
2.8350860801424664 -4.986359130792967 -3.11413
2.6344815562855652 -4.991869648749186 3.1153799999999996
2.433882602803851 -4.986610213224239 3.0586599999999997
2.2338939203977635 -4.9699864919357575 3.0019299999999998
2.0351751143883563 -4.942051026337427 2.9452099999999994
1.8383604251140102 -4.902895375585044 2.8884899999999996
1.6440827812604304 -4.852645560672931 2.8317699999999997
1.4529580213129096 -4.791460414313682 2.7750499999999994
1.2656095102429634 -4.719539005123691 2.7183299999999995
1.0826391951452967 -4.637112417828932 2.6616099999999996
0.9046346456245468 -4.544445243625146 2.6048899999999997
0.7324394991077872 -4.441996654093265 2.5487799999999994
0.5660199549439469 -4.329890304601813 2.4926799999999996
0.4061474551453713 -4.20862859944658 2.4365699999999997
0.25332396449421907 -4.0785894247867995 2.3804699999999994
0.10803183881096876 -3.94018551805077 2.3243599999999995
-0.029273663821774765 -3.793847310964437 2.2682599999999997
-0.1581576004327111 -3.6400408693806456 2.2121499999999994
-0.2665656693346973 -3.494848254785611 2.4123499999999996
-0.26660220761745307 -3.4948156058362674 2.6124099999999997
-0.2666445053963814 -3.4947908692662195 2.8126499999999997
-0.2666899318495191 -3.494775363223677 3.0126499999999994
-0.26673852507149204 -3.494769062527026 -3.0702900000000004
-0.2667933853188352 -3.494772980850832 -2.8701500000000006
-0.45997799611362966 -3.548538559068347 -2.7928100000000002
-0.6481639151076719 -3.616972284616265 -2.7928100000000002
-0.8365654172932231 -3.6854844068956667 -2.7928100000000002
-1.0247578391021739 -3.753920497189327 -2.7928100000000002
-1.212958209711031 -3.8223594780605294 -2.7928100000000002
-1.4015688705678377 -3.8909476607974893 -2.7926400000000005
-1.5901288966212686 -3.9595537266716496 -2.7032000000000003
-1.7717970055657706 -4.044723082619247 -2.5991600000000004
-1.9436353769902988 -4.148297149383886 -2.4951400000000006
-2.1037853385590872 -4.269149839091296 -2.3922700000000003
-2.250726886387922 -4.405854272163769 -2.3303900000000004
-2.388920101089596 -4.551370078901103 -2.2603900000000006
-2.5165761343266633 -4.706169731931001 -2.1636200000000003
-2.628675476562273 -4.872574916556792 -2.0668500000000005
-2.724107032532843 -5.048911624661022 -1.9723000000000004
-2.8024364352904065 -5.233404150156347 -1.8790100000000005
-2.86323986745248 -5.4243942921462205 -1.7857200000000004
-2.905987495170938 -5.620219112647719 -1.6924300000000005
-2.9303102286993408 -5.819199089363233 -1.6004000000000005
-2.936236751918349 -6.0193361394627445 -1.5093300000000005
-2.923919904123854 -6.219467383051564 -1.4188900000000004
-2.893595214078368 -6.417557076053611 -1.3287600000000004
-2.8455646159495123 -6.6121105649541825 -1.2386400000000004
-2.7802189772035937 -6.8015533750497035 -1.1485100000000004
-2.698088430154283 -6.984342877323169 -1.0583900000000004
-2.599844320190669 -7.1589921789463276 -0.9682640000000005
-2.4862774234713996 -7.324093739113259 -0.8781410000000004
-2.3583118681480735 -7.478304407845331 -0.7880160000000005
-2.216991398046071 -7.620366729486747 -0.6978890000000004
-2.0634594134273216 -7.749131875776525 -0.6077590000000005
-1.8989574914583052 -7.863557499954415 -0.5176280000000004
-1.7246006554577333 -7.9628391575748925 -0.42813400000000046
-1.5421261510156645 -8.046114038112911 -0.33990300000000045
-1.3530395615244828 -8.112980302212181 -0.2516710000000004
-1.1587872324219415 -8.16292697215361 -0.16344200000000045
-0.9608899632864418 -8.195562820062184 -0.07521160000000045
-0.7608889531416527 -8.210633644228896 0.013017499999999557
-0.5603385639028479 -8.208022832063321 0.10124599999999956
-0.36079766704582217 -8.187750799173308 0.18947399999999956
-0.16382222104248662 -8.149975943803273 0.27770199999999956
0.029059997842021873 -8.09499140536174 0.36592799999999953
0.21634249646781556 -8.023227385069676 0.45415599999999956
0.3967905103055808 -7.9351342568983725 0.5417519999999996
0.5688066860237182 -7.831612574206741 0.6245619999999995
0.7312754482385391 -7.71450205956188 0.6511979999999996
0.8908723916409251 -7.592873793930015 0.6511979999999996
1.050499459385872 -7.471222570643317 0.6511979999999996
1.2101262876017884 -7.349571529900845 0.6511979999999996
1.369759441566801 -7.227915668327379 0.6511979999999996
1.5293925955318142 -7.106259806753912 0.6511979999999996
1.6890209284764397 -6.984607619263017 0.6511979999999996
1.8486477566923558 -6.862956578520546 0.6511979999999996
2.0082682593047974 -6.741310358498091 0.6511979999999996
2.167882218875524 -6.619669124904567 0.6779089999999995
2.3241768224057036 -6.493819329484216 0.7258069999999995
2.4742659945174665 -6.360631003363623 0.7737059999999996
2.6178108086578566 -6.220404244029319 0.8216049999999996
2.7544722492248597 -6.073470219507592 0.8695029999999996
2.8839417572091084 -5.920161454584263 0.9174019999999996
3.0059257744466503 -5.7608248233954775 0.9652999999999996
3.120145698104719 -5.595823447826833 1.0131999999999997
3.226327908970899 -5.425552162533128 1.0610999999999995
3.3242392158237624 -5.250385263290251 1.1089999999999995
3.4136524555121928 -5.070728061462939 1.1568899999999995
3.4943618239642817 -4.886998439615875 1.2047899999999996
3.5660356383819103 -4.699995190374512 1.2522799999999996
3.6289101993258583 -4.50931807012642 1.2997699999999996
3.682664102230238 -4.315863642101247 1.3472499999999996
3.7271744946935756 -4.120081083473672 1.3947399999999996
3.762341975435937 -3.9223978765535206 1.4422299999999995
3.7880850282757113 -3.7232706344933533 1.4897199999999995
3.8043458128218073 -3.523148845859668 1.5371999999999995
3.8110903490239134 -3.3224721914341506 1.5846899999999995
3.8083007056441915 -3.121699952342652 1.6321799999999995
3.795983509590588 -2.921292884649476 1.6796699999999996
3.7741658841270023 -2.7216913490363184 1.7271499999999995
3.742898696387281 -2.5233462760678953 1.7746399999999996
3.7022533403054 -2.3267209838774523 1.8221299999999996
3.6523168325459014 -2.132236182176174 1.8696099999999996
3.5932044759245834 -1.9403359250250327 1.9170999999999996
3.5250502289278285 -1.7514620445748623 1.9645899999999996
3.448006718856826 -1.5660368894422878 2.0120799999999996
3.3622491559229504 -1.3844816328407719 2.0595599999999994
3.2679662857569634 -1.2071919179860642 2.1070499999999996
3.165375340696824 -1.0345811798708833 2.1545399999999995
3.0547051376271117 -0.8670341727101801 2.2020299999999997
2.9362042101940693 -0.7049275170864558 2.2495099999999995
2.81014325142018 -0.5486283000410469 2.2969999999999997
2.6772857108620403 -0.39903146044594645 2.3440799999999995
2.5369483984661967 -0.25525205041268906 2.3907399999999996
2.3900611233116154 -0.11817825915209759 2.4374099999999994
2.236932688221367 0.011898793573206612 2.4840699999999996
2.0779031259908973 0.1346923526949508 2.5307399999999998
1.9133233983654907 0.24992923199470846 2.5773999999999995
1.7435436995444378 0.35736677694168006 2.6240699999999997
1.5689349818386524 0.45676750310674075 2.6707299999999994
1.389876150393877 0.547917690740291 2.7070199999999995
1.207986669316422 0.6323448087141634 2.7070199999999995
1.0257297037047584 0.71694250092872 2.7080199999999994
0.8434090085300862 0.8013482751566974 2.7682499999999997
0.6563458419992525 0.8746234771315645 2.8394099999999995
0.46454678381861236 0.9344128783413056 2.9105599999999994
0.26898296447873754 0.9804159213406639 2.9817099999999996
0.07064392283768839 1.0123998888587842 3.0528699999999995
-0.1294657284642495 1.030200880738644 3.1240199999999994
-0.3303356102000778 1.0337310609655375 -3.088010000000001
