0.2 -0.00160159 0 2.1588 1.5708 2.55333
0.2 -0.199821 -0.00162541 3.14158 1.5708 1.5846
0.2 -0.406303 -0.00584173 3.14143 1.5708 1.59705
0.2 -0.605706 -0.0106708 9.99042e-05 1.5708 -1.54979
0.2 -0.820184 -0.0112369 3.14133 1.5708 1.57361
0.2 -1.01217 -0.0102473 3.13 1.5708 1.56413
0.2 -1.19928 -0.00582261 0.0112783 1.5708 -1.61163
0.2 -1.40395 5.74928e-05 0.0099575 1.5708 -1.61184
0.2 -1.59877 0.00626311 0.0107255 1.5708 -1.6123
0.2 -1.78719 0.0122228 0.0205049 1.5708 -1.61492
0.2 -1.98683 0.0178444 0.0033817 1.5708 -1.61068
0.2 -2.19729 0.0226588 3.09059 1.5708 1.60779
0.2 -2.4091 0.0258724 0.0189009 1.5708 -1.6091
0.2 -2.6066 0.0312996 0.00112168 1.5708 -1.60938
0.2 -2.82054 0.0447542 0.0141843 1.5708 -1.67551
0.2 -3.02268 0.0664734 3.14109 1.5708 1.44524
0.2 -3.21574 0.0937795 0.000941432 1.5708 -1.73215
0.2 -3.43236 0.133871 1.27449e-05 1.5708 -1.78057
0.2 -3.62735 0.178546 2.09404e-05 1.5708 -1.81942
0.2 -3.80101 0.228089 0.00739043 1.5708 -1.87486
0.2 -3.98542 0.290657 0.000782881 1.5708 -1.92665
0.2 -4.15209 0.359208 0.390607 1.5708 -2.39629
0.2 -4.34116 0.453249 0.753151 1.5708 -2.81677
0.2 -4.5336 0.562997 1.00748 1.5708 -3.12783
0.2 -4.7071 0.675202 1.8314 1.5708 2.27524
0.2 -4.86763 0.793975 1.4289 1.5708 2.62106
0.2 -5.02726 0.927672 1.91957 1.5708 2.07171
0.2 -5.1857 1.07148 2.49809 1.5708 1.43268
0.2 -5.31402 1.20609 2.19959 1.5708 1.67439
0.2 -5.44807 1.36335 2.67795 1.5708 1.1331
0.2 -5.56744 1.52765 2.89661 1.5708 0.841609
0.2 -5.68081 1.70208 2.42276 1.5708 1.25122
0.2 -5.76474 1.85005 0.244979 1.5708 -2.91267
0.2 -5.84535 2.02166 2.97644 1.5708 0.573065
0.2 -5.91594 2.19952 2.83871 1.5708 0.651391
0.2 -5.97952 2.39193 -0 1.5708 -2.84895
0.2 -6.03763 2.59806 3.13718 1.5708 0.263368
0.2 -6.08524 2.7957 3.14097 1.5708 0.228365
0.2 -6.12723 2.99124 0.00135492 1.5708 -2.95459
0.2 -6.16218 3.19718 0.00179751 1.5708 -2.99373
0.2 -6.18437 3.37431 0.0199691 1.5708 -3.06378
0.2 -6.20016 3.59942 0.0220552 1.5708 -3.11826
0.2 -6.20137 3.79655 2.98596 1.5708 0.132949
0.2 -6.18921 3.97819 0.274167 1.5708 2.74663
0.2 -6.15947 4.17389 0.0367932 1.5708 2.92272
0.2 -6.11462 4.39202 0.141897 1.5708 2.76937
0.2 -6.06531 4.57219 0.0044845 1.5708 2.82533
0.2 -5.98455 4.79067 3.14155 1.5708 -0.42238
0.2 -5.95325 4.86 3.13833 1.5708 -0.625767
0.2 -5.97273 4.83737 3.14147 1.5708 -0.797998
0.2 -5.96817 4.84008 0.00849555 1.5708 2.13933
0.2 -5.98669 4.82904 0.000129467 1.5708 1.92207
0.2 -5.98445 4.82968 0.00502088 1.5708 1.75087
0.2 -5.78757 4.83527 3.9612e-05 1.5708 1.61664
0.2 -5.58872 4.84082 3.14159 1.5708 -1.56275
0.2 -5.37768 4.84222 8.52605e-06 1.5708 1.57552
0.2 -5.15797 4.84328 0.00272362 1.5708 1.56463
0.2 -4.94463 4.8405 3.14134 1.5708 -1.58556
0.200001 -4.74891 4.83718 2.26067e-07 1.5708 1.54886
0.199999 -4.58206 4.83215 8.72765e-07 1.5708 1.52484
0.2 -4.36169 4.82245 0.000160462 1.5708 1.54049
0.2 -4.18184 4.81557 0.000744773 1.5708 1.52508
0.2 -3.95761 4.80472 0.0334111 1.5708 1.4832
0.2 -3.75677 4.79318 0.334329 1.5708 1.1759
0.2 -3.54902 4.78277 0.0185622 1.5708 1.5035
0.2 -3.34523 4.7729 5.22815e-06 1.5708 1.53658
0.2 -3.11189 4.76358 0.000397591 1.5708 1.52053
0.2 -2.90125 4.75634 0.000164895 1.5708 1.53767
0.2 -2.70768 4.74548 3.14157 1.5708 -1.62828
0.2 -2.52353 4.73587 0.000246997 1.5708 1.52033
0.2 -2.32719 4.72089 0.0181598 1.5708 1.45075
0.2 -2.11564 4.69688 0.0443382 1.5708 1.39809
0.2 -1.93015 4.66811 0.00461628 1.5708 1.39217
0.2 -1.72759 4.62631 0.000127612 1.5708 1.34532
0.2 -1.54291 4.57955 0.00329856 1.5708 1.29027
0.2 -1.35345 4.52043 2.47551e-05 1.5708 1.23946
0.2 -1.15501 4.44443 0.0112996 1.5708 1.1499
0.2 -0.947642 4.3466 4.96749e-05 1.5708 1.10735
0.2 -0.78956 4.26299 0.000266842 1.5708 1.06094
0.2 -0.645954 4.17612 5.64531e-05 1.5708 0.989097
0.2 -0.503842 4.07711 3.02917 1.5708 -2.09143
0.2 -0.341357 3.95211 0.000500411 1.5708 0.893313
0.2 -0.189758 3.82519 7.97905e-05 1.5708 0.841574
0.2 -0.0385732 3.68309 3.1383 1.5708 -2.3472
0.2 0.111843 3.52866 0.000187449 1.5708 0.738786
0.2 0.245678 3.37419 0.00859354 1.5708 0.68694
0.2 0.381224 3.20222 3.12913 1.5708 -2.49483
0.2 0.490604 3.0446 3.10909 1.5708 -2.54236
0.199998 0.584019 2.89874 3.14159 1.5708 -2.34676
0.2 0.609607 2.87846 0.000450907 1.5708 0.988283
0.200079 0.628941 2.86851 4.50139e-05 1.57082 1.23818
0.2 0.656579 2.86326 3.14159 1.5708 -1.74701
0.2 0.618609 2.86274 1.70373e-05 1.5708 1.62372
0.2 0.615752 2.86509 0.000103493 1.5708 1.80057
0.2 0.795343 2.92429 3.14158 1.5708 -1.26208
0.2 0.974237 2.9846 3.14148 1.5708 -1.22754
0.2 1.16248 3.05503 3.14155 1.5708 -1.19036
0.2 1.36452 3.13822 1.70372e-06 1.5708 1.96794
0.2 1.54444 3.21323 0.000154823 1.5708 1.96067
0.2 1.73212 3.28893 3.14112 1.5708 -1.19691
0.2 1.91073 3.3665 3.14157 1.5708 -1.11369
0.2 2.09173 3.47169 3.1402 1.5708 -0.987876
0.2 2.24486 3.58574 3.13493 1.5708 -0.88763
0.2 2.39591 3.71926 3.12876 1.5708 -0.781889
0.2 2.53207 3.86086 3.13759 1.5708 -0.727353
0.2 2.66826 4.02196 3.14012 1.5708 -0.654292
0.2 2.77988 4.18 0.0603164 1.5708 2.50858
0.2 2.88974 4.36973 0.00026285 1.5708 2.66014
0.2 2.96867 4.5352 3.14159 1.5708 -0.396592
0.2 3.0436 4.73957 4.9125e-07 1.5708 2.83751
0.2 3.0961 4.95944 3.14159 1.5708 -0.173464
0.2 3.1177 5.14408 0.00312055 1.5708 3.06676
0.2 3.12214 5.35414 0.00213557 1.5708 -3.10874
0.2 3.1074 5.54282 2.08449e-05 1.5708 -3.0168
0.2 3.07224 5.76321 3.14144 1.5708 0.196278
0.2 3.0231 5.95591 3.12554 1.5708 0.317602
0.2 2.96468 6.11875 3.14073 1.5708 0.39548
0.2 2.88526 6.2882 3.1392 1.5708 0.481611
0.2 2.78805 6.46158 3.14034 1.5708 0.550562
0.2 2.67885 6.62499 0.185348 1.5708 -2.69364
0.2 2.5721 6.75882 3.14149 1.5708 0.714947
0.2 2.43472 6.90258 0.0665682 1.5708 -2.40214
0.2 2.27986 7.03936 3.13828 1.5708 0.889641
0.2 2.11217 7.16564 3.12871 1.5708 0.979936
0.2 1.93655 7.27489 3.14145 1.5708 1.06261
0.2 1.74741 7.36522 0.0291584 1.5708 -1.98076
0.2 1.57324 7.42744 0.0996687 1.5708 -1.96717
0.2 1.38839 7.47594 0.174672 1.5708 -1.95646
0.2 1.19025 7.51026 0.231091 1.5708 -1.91725
0.2 0.983876 7.52345 0.558599 1.5708 -2.15259
0.2 0.779912 7.519 0.876058 1.5708 -2.38178
0.2 0.558779 7.49602 0.296546 1.5708 -1.72437
0.2 0.361268 7.45518 0.620249 1.5708 -1.92333
0.2 0.170207 7.39638 0.260602 1.5708 -1.49137
0.2 -0.0186113 7.31889 0.588003 1.5708 -1.72309
0.2 -0.1701 7.24153 0.625485 1.5708 -1.6836
0.2 -0.354973 7.12675 0.429762 1.5708 -1.39553
0.2 -0.520078 7.00049 0.631079 1.5708 -1.49888
0.2 -0.654188 6.88144 0.264488 1.5708 -1.0925
0.2 -0.793152 6.75207 0.231091 1.5708 -1.05991
0.2 -0.937316 6.61695 3.0556 1.5708 2.41462
0.2 -1.08439 6.47997 3.05431 1.5708 2.40435
0.2 -1.2198 6.35372 0.0996687 1.5708 -0.922552
0.2 -1.36445 6.22027 2.9105 1.5708 2.54814
0.2 -1.54634 6.05324 3.10085 1.5708 2.34961
0.2 -1.68964 5.92451 3.88327e-05 1.5708 -0.83965
0.2 -1.82215 5.80431 1.45367e-05 1.5708 -0.840024
0.2 -1.99039 5.65067 3.13586 1.5708 2.34209
0.2 -2.13339 5.5064 3.14159 1.5708 2.39823
0.2 -2.25991 5.36535 -0 1.5708 -0.701616
0.2 -2.39111 5.20174 0.000141575 1.5708 -0.64955
0.2 -2.50044 5.04684 0.000180084 1.5708 -0.580721
0.2 -2.60467 4.88422 3.14145 1.5708 2.59213
0.2 -2.71813 4.69132 3.14159 1.5708 2.62912
0.2 -2.81808 4.50986 1.7057e-05 1.5708 -0.481593
0.2 -2.90745 4.32362 6.00841e-06 1.5708 -0.425142
0.2 -2.992 4.12137 3.14158 1.5708 2.76494
0.2 -3.06174 3.93308 3.13989 1.5708 2.82215
0.2 -3.11861 3.74581 0.000205188 1.5708 -0.257282
0.2 -3.15786 3.57295 3.14158 1.5708 2.9579
0.2 -3.1923 3.35965 3.14159 1.5708 3.0052
0.2 -3.21674 3.15542 1.2325e-06 1.5708 -0.0995483
0.2 -3.23314 2.96889 3.13959 1.5708 3.08456
0.2 -3.24059 2.76534 0.00211911 1.5708 -0.0222654
0.2 -3.23979 2.54481 3.14098 1.5708 -3.12651
0.2 -3.23059 2.34422 0.0025466 1.5708 0.0582371
0.2 -3.21417 2.14177 0.000529953 1.5708 0.109064
0.2 -3.18911 1.95836 1.44545e-06 1.5708 0.149252
0.2 -3.1576 1.78627 3.14156 1.5708 -2.92446
0.2 -3.11159 1.60217 3.14155 1.5708 -2.87796
0.2 -3.06064 1.42429 3.47482e-05 1.5708 0.302119
0.2 -3.002 1.25543 3.14146 1.5708 -2.78062
0.2 -2.92197 1.04839 3.14077 1.5708 -2.75593
0.2 -2.84188 0.862969 0.000226324 1.5708 0.432627
0.200005 -2.75643 0.686 1.27214e-06 1.5708 0.467045
0.199988 -2.66155 0.515517 3.14159 1.57082 -2.59533
0.2 -2.54942 0.336817 2.27975e-07 1.5708 0.587773
0.2 -2.43809 0.180178 1.27879e-05 1.5708 0.642041
0.2 -2.31505 0.0207949 1.31021e-05 1.5708 0.674541
0.2 -2.1794 -0.139847 3.14147 1.5708 -2.42294
0.2 -2.06688 -0.262359 5.23129e-05 1.5708 0.770091
0.2 -1.89828 -0.42243 0.000869459 1.5708 0.845954
0.2 -1.73082 -0.56316 0.00121591 1.5708 0.887308
0.2 -1.57592 -0.680407 0.000545868 1.5708 0.941538
0.2 -1.42193 -0.786062 1.39872e-05 1.5708 0.99267
0.2 -1.27009 -0.877922 0.00523164 1.5708 1.06245
0.2 -1.09205 -0.972593 4.07269e-06 1.5708 1.10188
0.2 -0.897459 -1.06492 0.0025586 1.5708 1.16826
0.2 -0.709283 -1.13935 0.0102916 1.5708 1.21116
0.2 -0.495444 -1.21079 0.00179383 1.5708 1.27094
0.2 -0.294586 -1.26503 3.10048 1.5708 -1.7823
0.2 -0.131145 -1.30331 0.00458712 1.5708 1.34374
0.2 0.0520948 -1.34433 0.00379787 1.5708 1.33721
0.2 0.250002 -1.38451 3.08315 1.5708 -1.67772
0.2 0.440892 -1.40811 6.3026e-05 1.5708 1.48867
0.2 0.634776 -1.41601 3.14048 1.5708 -1.57131
0.2 0.850578 -1.40949 0.0169475 1.5708 1.61196
0.2 1.05351 -1.38727 3.13572 1.5708 -1.40755
0.2 1.2728 -1.34743 3.1414 1.5708 -1.36282
0.2 1.48688 -1.29344 3.12738 1.5708 -1.27705
