0.2 0 0 2.35619 1.5708 2.35619
0.199999 -0.200223 8.37784e-05 3.13731 1.57084 1.57493
0.199999 -0.401221 0.000129759 3.13727 1.57084 1.57495
0.2 -0.602219 0.000200833 3.13731 1.57085 1.57486
0.2 -0.803216 0.000295444 3.13748 1.57085 1.57463
0.2 -1.00422 0.000392585 3.13751 1.57086 1.57457
0.2 -1.20422 0.000507008 3.13739 1.57086 1.57464
0.2 -1.40423 0.000644229 3.1375 1.57087 1.5745
0.2 -1.60424 0.000803115 3.13761 1.57087 1.57434
0.2 -1.80425 0.000983567 3.13763 1.57088 1.57427
0.2 -2.00426 0.00119604 3.13752 1.57089 1.57433
0.199999 -2.20521 0.0120775 3.13702 1.57098 1.57016
0.199999 -2.40617 0.0166627 3.13647 1.57101 1.5693
0.200001 -2.60721 0.0073374 3.13597 1.57089 1.56729
0.200001 -2.80813 0.00495258 0.0362156 1.57081 -1.65608
0.199772 -3.00855 0.0206557 0.000287813 1.55912 -1.66662
0.200003 -3.20811 0.0440976 0.0206328 1.57082 -1.73594
0.199942 -3.40629 0.0716428 3.14083 1.57159 1.37989
0.200057 -3.60277 0.111341 0.00173773 1.57129 -1.81434
0.199812 -3.79633 0.169957 1.62877e-05 1.5697 -1.86787
0.199882 -3.98551 0.256109 3.14045 1.57126 1.21535
0.2 -4.1732 0.314055 0.290217 1.5708 -2.26758
0.2 -4.35559 0.398451 0.440269 1.5708 -2.47164
0.2 -4.53315 0.492579 0.538547 1.5708 -2.62394
0.2 -4.70537 0.596156 0.695719 1.5708 -2.83513
0.2 -4.87175 0.708882 1.02955 1.5708 3.06022
0.2 -5.0318 0.830424 1.80072 1.5708 2.23503
0.2 -5.18505 0.960429 2.67228 1.5708 1.30945
0.2 -5.33106 1.09852 2.97794 1.5708 0.949778
0.2 -5.4694 1.24429 3.09421 1.5708 0.779489
0.2 -5.59966 1.39731 3.09057 1.5708 0.729104
0.2 -5.72147 1.55714 3.05024 1.5708 0.715418
0.2 -5.83447 1.72332 3.08932 1.5708 0.622314
0.2 -5.93833 1.89535 3.12216 1.5708 0.535445
0.2 -6.03276 2.07274 3.11784 1.5708 0.485761
0.2 -6.11746 2.25497 3.09688 1.5708 0.452701
0.2 -6.19221 2.4415 2.99619 1.5708 0.499372
0.2 -6.25677 2.63179 2.92396 1.5708 0.51758
0.2 -6.31096 2.82529 2.88569 1.5708 0.50183
0.2 -6.35463 3.02144 2.85094 1.5708 0.482556
0.2 -6.38764 3.21966 2.77169 1.5708 0.507788
0.2 -6.4099 3.41936 2.55916 1.5708 0.666295
0.2 -6.42135 3.61998 2.42961 1.5708 0.741842
0.2 -6.42195 3.82092 2.29914 1.5708 0.818285
0.2 -6.4117 4.02161 1.96897 1.5708 1.09444
0.2 -6.39062 4.22144 1.7456 1.5708 1.26379
0.2 -6.35859 4.41958 1.21135 1.5708 1.73937
0.2 -6.31285 4.61479 1.16509 1.5708 1.69823
0.2 -6.29169 4.6817 3.08374 1.5708 -0.420436
0.2 -6.29169 4.6817 2.94914 1.5708 -0.486193
0.199236 -6.29219 4.68114 3.14146 1.57096 -0.878664
0.208292 -6.29472 4.67589 0.000366488 1.57257 2.06282
0.196018 -6.2803 4.69763 3.14016 1.57164 -1.28019
0.181143 -6.08108 4.73799 3.14023 1.57478 -1.40211
0.218369 -5.90785 4.73298 0.00126935 1.57467 1.73332
0.200648 -5.69899 4.7809 0.000834694 1.57094 1.72279
0.185902 -5.49494 4.8194 3.1411 1.57372 -1.42736
0.200477 -5.30153 4.83894 0.00199966 1.57089 1.70412
0.20044 -5.10265 4.86505 0.00185614 1.57089 1.69556
0.200571 -4.90361 4.88935 0.00157482 1.57091 1.68715
0.20071 -4.70435 4.91194 0.00137852 1.57094 1.67864
0.200835 -4.50478 4.93294 0.00123194 1.57097 1.67007
0.200945 -4.30506 4.95214 0.00113925 1.57099 1.66144
0.201017 -4.10518 4.96961 0.00108351 1.571 1.65278
0.201018 -3.90507 4.98543 0.00105157 1.571 1.64408
0.200949 -3.70474 4.99957 0.00108699 1.57099 1.63529
0.200827 -3.50424 5.01199 0.0012175 1.57096 1.62641
0.20072 -3.30395 5.02244 0.00148778 1.57094 1.61743
0.200495 -3.10371 5.03141 0.00195843 1.57089 1.61209
0.20024 -2.90332 5.03959 0.00314753 1.57084 1.60657
0.198388 -2.69493 5.05133 3.14051 1.57112 -1.54353
0.198881 -2.49148 5.05288 3.13992 1.57102 -1.59717
0.205223 -2.32357 5.02503 0.00250786 1.57183 1.48997
0.196731 -2.0785 5.02499 3.13911 1.57145 -1.71245
0.200264 -1.90359 4.98087 0.00385512 1.57085 1.37066
0.201886 -1.71475 4.9334 0.00160312 1.57118 1.31757
0.225474 -1.52166 4.8767 3.1413 1.56557 -1.8789
0.198324 -1.30866 4.81904 3.13819 1.57114 -1.9374
0.19428 -1.11438 4.7439 3.13924 1.572 -1.99713
0.196512 -0.965702 4.64723 0.00131165 1.57005 1.09083
0.199983 -0.784151 4.55174 0.0933957 1.57079 0.940677
0.199998 -0.614976 4.44449 0.440569 1.5708 0.537412
0.199999 -0.451758 4.32778 0.804641 1.5708 0.117242
0.2 -0.295337 4.2021 1.09824 1.5708 -0.232462
0.2 -0.146209 4.06784 1.39757 1.5708 -0.587901
0.2 -0.00484194 3.92543 1.41142 1.5708 -0.657852
0.2 0.128318 3.77531 1.34077 1.5708 -0.643311
0.2 0.252851 3.61796 1.05708 1.5708 -0.415729
0.2 0.357507 3.47004 0.966454 1.5708 -0.124901
0.199998 0.357565 3.47004 0.305973 1.5708 0.735638
0.19967 0.349752 3.47056 3.13969 1.57089 -1.89557
0.20133 0.361639 3.46976 8.37213e-05 1.57118 1.44063
0.200062 0.357273 3.47006 0.00468378 1.57081 1.63754
0.19302 0.362447 3.47088 3.14119 1.57281 -1.3003
0.188082 0.569924 3.53717 3.13819 1.57416 -1.22531
0.200336 0.733703 3.607 0.000452723 1.57089 1.91932
0.183177 0.940465 3.67458 3.13909 1.57537 -1.22432
0.199672 1.11106 3.74405 3.14128 1.57088 -1.22173
0.200091 1.29882 3.81251 0.00166311 1.57082 1.91801
0.202491 1.47876 3.88366 0.000952895 1.57144 1.92112
0.199236 1.67371 3.95697 0.000349097 1.5706 2.0088
0.200002 1.85054 4.05139 2.97446 1.5708 -0.861231
0.200001 2.01678 4.16373 2.80153 1.5708 -0.58428
0.200001 2.17046 4.29271 2.68862 1.5708 -0.368504
0.200001 2.31268 4.43432 2.70433 1.5708 -0.322336
0.200001 2.44644 4.58393 2.84491 1.5708 -0.392915
0.200007 2.56652 4.74468 3.04871 1.57079 -0.499948
0.200401 2.67252 4.91511 3.13635 1.57071 -0.491238
0.196543 2.70842 5.12414 0.00364835 1.57012 2.74602
0.196968 2.8776 5.25686 3.12677 1.57137 -0.30298
0.204754 2.88518 5.47381 0.00132433 1.57167 2.9242
0.186196 2.92388 5.67069 3.14148 1.57323 -0.123525
0.201642 2.95509 5.86174 3.14034 1.57052 -0.0330294
0.199711 2.92061 6.07814 0.00568514 1.57075 -3.08517
0.199997 2.9031 6.2756 0.177151 1.5708 3.11636
0.199999 2.86396 6.47211 0.141248 1.5708 -3.0408
0.2 2.80725 6.66431 3.0781 1.5708 0.395645
0.2 2.73347 6.85063 2.8552 1.5708 0.708675
0.2 2.64322 7.02955 2.82228 1.5708 0.831715
0.2 2.53723 7.19961 2.88716 1.5708 0.856966
0.2 2.41637 7.35945 2.91817 1.5708 0.916076
0.2 2.28161 7.50776 2.91336 1.5708 1.01101
0.199999 2.13405 7.64333 2.95657 1.5708 1.05793
0.199999 1.97489 7.76507 3.02681 1.5708 1.07782
0.199999 1.80542 7.872 3.08113 1.5708 1.11363
0.199999 1.62679 7.96337 3.11966 1.5708 1.16459
0.2 1.44083 8.03854 0.0284899 1.5708 -1.93919
0.2 1.24899 8.09704 0.0755037 1.5708 -1.89797
0.2 1.05273 8.1384 0.141109 1.5708 -1.87535
0.199999 0.85359 8.16231 0.187995 1.5708 -1.834
0.2 0.65312 8.16858 0.221346 1.5708 -1.77912
0.199999 0.452878 8.15716 0.264298 1.5708 -1.73385
0.2 0.254422 8.12813 0.295816 1.5708 -1.67714
0.2 0.0592958 8.08174 0.315135 1.5708 -1.60823
0.2 -0.130983 8.01833 0.29661 1.5708 -1.50148
0.2 -0.314933 7.93841 0.241341 1.5708 -1.35798
0.2 -0.491356 7.84251 0.124259 1.5708 -1.1533
0.2 -0.65877 7.7317 3.08541 1.5708 2.25154
0.2 -0.819063 7.61163 2.96182 1.5708 2.40177
0.2 -0.978651 7.48999 2.87797 1.5708 2.48562
0.2 -1.13828 7.36834 2.84437 1.5708 2.51922
0.2 -1.2979 7.24668 2.75087 1.5708 2.61272
0.2 -1.45753 7.12502 2.59237 1.5708 2.77121
0.2 -1.61716 7.00336 2.38643 1.5708 2.97716
0.2 -1.77679 6.88171 2.43054 1.5708 2.93305
0.2 -1.93641 6.76005 2.52532 1.5708 2.83827
0.2 -2.09602 6.63839 2.73698 1.5708 2.62661
0.199999 -2.25469 6.51552 2.89146 1.5708 2.49884
0.199999 -2.40794 6.38598 2.92162 1.5708 2.51658
0.199999 -2.5548 6.24925 2.98366 1.5708 2.50243
0.199999 -2.69496 6.10564 3.01441 1.5708 2.51959
0.199998 -2.82807 5.9555 2.98795 1.5708 2.59394
0.199994 -2.95381 5.79917 3.03184 1.5708 2.59794
0.19915 -3.06653 5.64004 3.13884 1.57095 2.53788
0.201687 -3.20604 5.45486 0.00207346 1.57111 -0.555317
0.199457 -3.26362 5.30967 3.13789 1.5709 2.63169
0.20021 -3.37952 5.11836 3.13909 1.57075 2.68259
0.200117 -3.45958 4.9401 3.12503 1.57077 2.74353
0.199558 -3.53388 4.75614 0.00427553 1.5707 -0.371461
0.206045 -3.6141 4.55464 3.14155 1.56947 2.82474
0.199475 -3.66239 4.37329 0.00136606 1.57068 -0.273001
0.200556 -3.71433 4.1761 3.13986 1.57066 2.91981
0.202066 -3.76038 3.9731 0.00018459 1.57132 -0.174659
0.202317 -3.80484 3.75967 0.00232354 1.57141 -0.125514
0.199707 -3.80308 3.58425 0.00338067 1.57071 -0.0851614
0.20556 -3.83602 3.35734 0.00253249 1.57245 -0.0305198
0.205866 -3.83093 3.16467 0.00183368 1.57265 0.0157779
0.205349 -3.80878 2.97869 3.14094 1.56899 -3.08048
0.205848 -3.80938 2.75735 0.00267578 1.57291 0.11156
0.205128 -3.78003 2.56131 0.00241159 1.57279 0.158615
0.198363 -3.73092 2.38515 4.72708e-05 1.57011 0.203318
0.201357 -3.68434 2.18871 3.13949 1.57016 -2.88924
0.200052 -3.63234 1.99384 3.13743 1.57077 -2.83858
0.202227 -3.57788 1.78355 0.00269083 1.57204 0.34877
0.197362 -3.4837 1.64512 3.13825 1.57241 -2.75202
0.201085 -3.41455 1.43246 3.14151 1.57003 -2.70028
0.200368 -3.32919 1.24008 0.00250631 1.5711 0.489939
0.201148 -3.23244 1.05961 0.00512209 1.57189 0.537024
0.2002 -3.11952 0.90782 3.14157 1.57057 -2.55782
0.19836 -3.00931 0.726903 0.00334635 1.56858 0.633859
0.197976 -2.87948 0.602895 3.13905 1.57419 -2.46561
0.200002 -2.75288 0.430846 3.11418 1.57078 -2.38802
0.200519 -2.61684 0.279044 0.000169792 1.5727 0.774138
0.200743 -2.47385 0.122158 0.00431518 1.57639 0.822701
0.199993 -2.32288 0.0127706 0.0109883 1.57077 0.854507
0.200073 -2.16698 -0.111698 7.71919e-05 1.57012 0.911417
0.20066 -2.00593 -0.224884 3.13986 1.57372 -2.18427
0.200013 -1.83779 -0.346446 0.00488393 1.57075 1.00153
0.197847 -1.66649 -0.450127 3.14056 1.56612 -2.08976
0.200275 -1.49091 -0.538573 3.13811 1.57131 -2.0424
0.201052 -1.31131 -0.623884 3.13874 1.57247 -2.00838
0.193675 -1.12939 -0.713495 3.13931 1.56199 -2.00826
0.199975 -0.940444 -0.805831 0.0463886 1.57082 1.09458
0.199582 -0.757899 -0.883 0.000982675 1.57127 1.19773
0.200102 -0.569771 -0.947718 3.14004 1.57091 -1.87173
0.203403 -0.369547 -0.996333 0.00282948 1.56737 1.34303
0.200005 -0.178613 -1.04001 3.1171 1.5708 -1.70618
0.2 0.020728 -1.06496 2.70679 1.5708 -1.22472
0.200225 0.220405 -1.07563 3.1406 1.57101 -1.58826
0.197499 0.428587 -1.07136 0.0030031 1.57313 1.62732
