0 9.3327 -3.46586 1.74078
1 -4.27574 16.2772 3.09229
2 -6.09192 -6.43765 1.34249
3 6.56959 0.817567 1.34381
5 5.31801 -4.60597 0.0991539
6 4.15873 -4.44401 1.15107
7 4.78628 12.0167 3.20016
9 203.512 43.0936 -68.205
10 -2.38694 -4.31777 0.199987
11 2.60699 -5.41959 0.567662
12 -6.49526 -5.0297 0.0949457
14 1.81271 -1.09643 0.875668
15 2.98745 3.90294 0.991352
16 13.2681 -33.751 3.72785
17 2.8559 0.219448 1.77084
18 0.514935 -6.81502 0.286965
19 -7.2582 -2.09725 0.539326
20 6.46255 2.09174 0.370848
21 1.77155 3.00743 0.752338
23 3.85023 -4.43135 0.62834
24 3.49709 -4.44418 0.484697
25 -7.20217 -6.50331 0.495046
26 3.80391 -4.72548 0.710972
27 12.1308 -1.29054 -2.82184
28 -4.36159 -2.73626 0.754755
30 -8.50003 3.30079 2.08296
31 1.48685 8.16815 1.06427
32 -9.06344 -7.61918 1.77368
33 -12.0398 -4.64843 1.53537
34 -11.6468 0.935889 1.47272
35 12.1819 -12.6256 1.58769
36 1.83796 2.1519 0.0555306
37 1.4065 1.51993 0.165504
38 4.83703 -6.03988 2.5033
39 1.77559 7.55305 2.18176
42 3.21665 0.306049 1.04395
43 2.49815 -4.73372 0.00824769
44 2.1642 1.46275 0.826156
45 14.4956 -9.2132 0.419323
46 7.43219 -4.35188 0.871452
47 6.33636 -2.99129 0.118067
48 4.61561 -4.90873 0.477493
49 34.7554 19.1445 12.996
50 9.71889 3.51997 1.30189
51 -7.46049 -5.70588 0.979035
53 2.29618 2.75579 0.472958
54 13.7125 -11.257 3.47501
55 8.92777 -11.1606 2.35017
56 11.5112 -14.1689 2.44537
57 4.2296 -1.67842 1.39121
58 -11.6613 5.10846 0.261428
59 13.0746 -8.86099 1.6064
60 -6.3582 0.551571 1.71242
61 3.14581 3.30471 1.16682
62 3.99625 -4.70228 0.565449
63 -1.65324 5.95855 0.894379
64 2.2535 0.382871 0.478377
65 0.514797 -6.78969 0.276624
66 2.54269 -5.43502 0.970955
68 0.766022 3.7784 0.01069
69 13.26 -18.322 1.94264
70 -1.51013 -2.35313 0.15834
71 6.91569 5.85152 2.07599
72 -1.78227 -1.02259 0.679923
73 -0.946406 -2.68977 0.0497947
74 -48.8583 -23.4303 8.88597
75 12.691 6.67341 1.72952
76 -3.85632 8.94444 2.18409
77 0.93115 8.25746 0.253373
78 5.39612 -4.58772 0.0463206
79 4.70512 1.73015 0.567976
80 -0.863123 -3.14445 0.0493998
81 1.41706 -4.98697 0.316183
82 10.2903 6.19622 3.18247
84 9.23126 -6.3636 3.19791
85 8.15277 -8.34978 0.95992
87 17.0196 2.54483 0.476391
88 -0.432328 -3.86016 -0.0129919
89 2.40883 2.98869 0.0945261
90 -8.11491 -0.685913 1.56158
91 4.90905 -3.34069 0.202483
92 -1.14929 0.505265 0.865146
93 -1.20833 -1.99849 0.126022
94 7.14576 -1.14504 0.80223
96 6.62129 3.24223 0.521348
98 -290.183 -180.072 26.6627
99 6.54692 -3.04027 1.66045
100 -7.41174 4.89615 1.59604
101 -5.84767 5.02268 1.65627
102 1.16277 -7.36529 1.67102
103 -0.733513 7.46083 0.50063
104 -13.2993 -10.7387 1.36942
105 -3.87477 1.68599 0.591227
106 2.52675 3.43697 0.0682725
107 3.93933 -5.57833 0.631313
109 3.2273 -2.31479 0.116476
110 1.71591 0.788896 1.12697
111 0.956076 -0.0389805 0.125331
112 11.2362 -0.809881 0.136692
113 1.92964 1.57177 0.449046
114 -12.6995 -1.89529 3.5672
115 3.18788 0.763105 0.966296
116 8.0656 -5.80096 -0.104191
117 -124.556 -90.8711 8.79133
118 1.56061 -7.13909 1.67238
119 3.52242 -3.54498 0.753999
120 3.04086 1.2477 0.752115
121 -7.45373 -9.08334 2.15338
122 -3.58058 -6.53804 0.549106
123 3.27366 -2.87085 0.919397
126 -6.75992 -8.38403 0.963494
128 2.52958 -5.7053 0.633074
129 -2.04297 -3.33962 1.03181
130 2.92253 4.04732 0.936679
131 -6.15497 -0.574238 1.63793
132 1.68285 1.41584 0.654403
134 2.94985 2.65864 0.963071
135 7.10933 8.45071 1.04895
136 6.50759 7.42311 1.46946
137 4.4526 -8.0514 0.803829
138 8.42367 -5.75091 -0.115827
139 -76.9659 -30.4779 19.268
140 3.53363 2.54539 0.808701
141 4.56697 -6.24506 1.42399
143 34.2592 25.9019 -7.84357
146 -1.68815 -2.31827 1.82013
147 -12.5574 -9.98942 1.79794
148 1.88827 1.7305 1.44354
151 3.92128 -0.559744 -1.13587
152 12.8559 -14.7835 5.27344
154 1.8262 -6.57559 0.415774
155 -4.17136 -4.26616 0.251536
156 1.63428 4.12681 1.17691
157 2.71472 3.82993 0.0379109
158 2.23 2.42776 1.12539
159 1.32198 0.968421 0.570926
160 -4.0916 6.08132 1.19863
161 3.0235 3.27392 1.01102
162 5.97426 0.0292346 0.769177
163 1.92162 -6.50273 1.04679
164 5.44116 -1.42001 -0.0202864
165 1.10359 0.490067 0.861613
166 -0.973994 0.535545 0.702168
167 -6.06771 -5.34381 0.730457
168 -15.6922 -16.4446 0.688595
169 2.01065 0.972981 0.619098
170 2.97526 1.96238 0.0396537
173 -3.19841 11.1158 2.37803
174 3.50156 -1.60584 0.591301
175 -0.432779 3.08359 1.65787
176 1.1739 2.71125 0.70047
177 5.94447 -1.44685 0.685505
179 2.05505 0.299319 0.395862
180 1.33761 9.58733 1.84045
181 -4.94925 6.9284 1.46127
182 3.71562 -5.34516 0.123375
183 -5.09596 -6.49584 1.39091
184 5.40714 -4.59465 0.0516866
185 6.86835 -0.657663 1.76338
186 -1.42634 4.71048 1.88661
187 -19.8794 -30.5267 10.6787
188 7.12812 -4.93078 1.13319
189 7.35577 -8.47525 -0.677352
190 1.18265 9.80811 0.249022
191 2.50564 12.9916 0.801871
193 26.0963 -26.7039 -4.5897
194 8.35283 -6.44284 2.65023
195 -3.0036 -3.63422 1.54647
196 4.98101 -3.00169 0.732133
197 -18.3715 -0.240562 4.6187
198 5.76657 -3.79437 0.127377
199 -7.29236 -4.23375 0.716141
200 3.27654 -2.80637 0.641981
202 2.89659 0.364334 1.39342
203 3.39663 2.33955 -0.99111
204 5.77258 -7.57618 0.365214
205 -4.12786 16.8345 2.03055
206 4.7206 -1.39448 1.62515
207 6.45031 -3.47419 0.0693145
208 -7.8084 7.89977 1.42002
209 -6.14756 5.20963 0.177314
212 16.2188 -10.8378 1.61559
213 11.1045 0.538048 2.12127
215 10.5151 -5.27846 2.3828
216 35.0323 -37.9824 -6.46323
217 8.3306 -3.49118 2.50989
218 -1.48693 -2.32611 0.0288554
219 6.15327 -8.82003 -0.0574871
220 -6.90661 -14.9966 2.74286
221 4.44521 0.133696 -0.002264
222 6.40143 3.13972 0.0825769
223 -20.5916 -12.8975 5.40649
224 8.41092 -5.20724 1.54391
225 7.09667 -11.2589 1.74905
226 24.5102 -36.4982 -15.1537
227 0.216477 -5.13431 0.0721185
229 -0.492021 4.70112 0.615236
231 -6.83879 -4.82641 0.23528
232 9.46129 8.12616 0.0687504
233 19.4259 -34.359 -0.541736
234 4.58289 -4.89843 0.380988
235 -5.58988 -0.975349 0.173184
236 0.405549 -8.05553 0.971715
237 -75.9218 65.4585 -16.5349
239 2.34178 -23.0846 -3.10477
240 1.94436 4.51848 1.56118
242 3.60863 -4.4625 0.72924
244 14.7868 8.27977 2.6509
245 2.28358 -2.23037 0.457753
246 4.26176 -7.25651 0.497945
247 -3.02709 -5.43423 0.633041
250 -9.74107 -6.85309 0.00376396
251 23.948 -35.4399 -0.854883
252 3.61756 -3.14992 0.67755
253 -1.5448 -7.09607 0.254201
255 10.6513 1.5232 0.82515
256 3.99714 -6.23713 0.41692
257 -26.4188 44.5999 -1.09675
258 9.55628 1.32683 -0.293918
259 16.1055 -6.58953 2.77578
261 12.6704 -15.0602 2.36665
262 2.25975 -2.47022 0.603882
263 -6.2134 -4.95231 0.829329
265 8.40537 -8.19759 0.367271
266 -6.60103 -1.77672 0.811943
270 10.9045 2.96537 0.464035
273 3.2937 -3.20169 0.898856
275 -39.8105 117.816 32.5105
276 6.92738 2.23157 0.00971074
277 7.78785 -5.7545 -0.541623
278 -3.02936 -7.31728 0.8376
279 11.0464 -1.31368 1.94226
280 1.24255 0.100288 0.0500777
281 -4.30446 2.90796 0.215933
284 -10.9019 -3.81316 1.29682
285 -2.9512 4.05029 1.28653
286 7.26126 -4.08554 2.54672
287 5.59013 -7.33605 1.00245
288 -2.77057 -6.75337 0.793333
289 8.01196 -2.00987 1.37466
290 8.57006 -1.18779 2.21319
291 -4.81863 -6.21815 0.674423
292 2.60943 -4.73246 -0.0452319
294 4.93213 -3.97797 -0.678466
295 -5.7438 -0.461449 0.809819
296 2.87363 -1.16103 1.99626
297 9.9868 6.92401 1.62117
299 -5.70923 -15.0306 3.41113
300 8.18226 3.23579 1.12778
301 1.59122 -0.916924 0.650745
302 -1.31511 -2.36065 0.124928
303 3.59117 -2.07551 0.216628
304 1.47751 1.4382 1.1187
305 8.91287 -5.58341 1.56387
306 -3.34139 -3.48889 1.01233
307 -2.00554 2.06183 0.134979
308 -4.88444 -3.15877 0.871192
309 -15.9898 4.2835 2.81366
310 2.76287 4.14064 1.08573
313 3.49919 -0.514343 2.19596
314 7.0534 -11.0554 2.01856
315 2.44765 2.05123 0.356467
316 12.4266 -3.79683 3.70319
317 11.0989 -3.81022 0.116515
318 1.99434 -6.61574 1.01526
319 4.20803 -0.898109 1.72423
320 10.0201 28.5156 0.640411
321 -6.50774 7.47021 2.33814
322 -5.59922 5.29247 1.84437
323 3.16206 -5.503 0.502997
324 1.03251 9.73271 1.31168
325 2.6634 1.14307 0.324088
326 4.57135 -4.90719 0.272205
327 7.14646 -6.57363 1.13502
329 10.6222 -6.72427 2.38669
330 -10.0383 -2.51585 0.321851
331 -13.1447 14.4887 2.11118
332 -4.3654 4.5887 0.552752
334 -1.76673 -0.843157 0.705069
336 4.72863 -3.60992 0.0695201
339 -2.80638 -4.81428 1.04879
340 6.45905 1.91564 1.79912
341 6.02861 0.943362 0.305883
343 2.84752 2.52969 0.182388
344 -4.06612 5.52727 0.155983
345 -7.63731 -9.43532 1.63044
346 -1.13024 5.72374 1.71426
347 6.40581 -4.55889 0.783022
348 5.18009 -0.498688 0.34969
350 -3.78075 -1.72064 1.84026
351 -17.087 -10.1924 4.77356
352 29.1059 -33.7517 -3.22679
353 2.60233 0.909585 0.690779
354 7.57615 -3.90448 0.0596019
355 -205.962 -133.032 13.9706
356 -2.49886 -6.0928 0.936185
357 5.3465 3.64641 0.0798671
358 -10.9681 -0.473336 2.94193
359 7.78724 -5.73396 -0.711524
364 5.38895 -4.58913 0.0459185
365 6.99224 -5.51694 0.57382
367 1.89873 0.999408 1.60348
368 7.45772 -4.63213 0.000195523
369 -0.109476 -4.16818 0.0538287
371 -13.132 -10.5403 1.78236
372 79.2542 -39.4615 6.83839
373 4.06422 -2.33892 0.0372824
374 9.86782 -16.1331 2.51414
375 -7.5726 -1.63694 1.07436
377 -3.12338 11.3999 0.415229
378 -21.4096 -15.0521 4.73669
379 5.36733 4.81753 1.22256
380 -4.47212 4.44458 0.304164
381 -6.26931 -8.78886 1.1763
382 8.15394 -5.63028 -0.394829
383 6.51588 3.13264 0.656878
384 -7.10303 -4.60423 0.280845
385 -10.3055 -6.99164 1.99567
387 3.15169 -1.76412 0.492334
388 -6.73393 0.0780681 0.96753
389 -30.2559 2.35067 6.61485
390 16.7581 9.51194 0.530493
393 7.4852 -23.7557 -1.70683
394 -77.3381 91.9956 -22.2934
395 7.30978 2.92407 0.0924786
396 3.09872 1.55217 1.0613
397 -0.493119 -3.14386 -0.106683
398 3.86684 -1.8425 0.458272
399 -4.28524 3.03614 0.140422
400 -49.0475 2.47032 4.23103
401 4.45006 1.07818 0.240089
402 -3.04453 7.7578 0.574383
403 3.7392 -0.987035 0.214707
404 -5.92352 10.5849 2.66463
405 -1.2272 5.69839 1.74388
406 -6.9095 8.09515 1.62223
407 6.06175 0.775849 0.234544
409 -1.80046 -4.25684 0.694774
410 -48.5 20.233 13.0675
411 2.9224 4.40549 0.151074
413 -4.16632 -5.08484 0.488272
414 4.16574 -7.50219 1.64339
415 -70.3474 -19.7632 17.8473
416 -7.68956 -6.46862 0.156679
417 7.56733 -3.21478 0.845796
418 23.0587 2.79677 1.0067
419 -10.131 -10.4279 1.64129
420 -6.51591 -5.15287 0.690188
421 7.76976 -4.17972 0.689138
422 2.57505 -4.7413 0.00464528
425 3.39944 -2.89765 0.000481442
426 6.58533 3.53147 0.760559
427 6.76389 0.0572776 1.03624
428 -1.26159 -2.02552 0.200226
429 3.86177 -5.11624 0.717754
431 -5.74756 -7.28937 0.693097
432 -6.97682 -5.7651 0.431925
433 -10.6603 -5.9669 2.12212
434 -6.2311 -5.25875 1.1968
435 -2.60673 13.5194 0.61483
437 5.93305 17.2553 -1.71127
438 2808.58 -13111.3 -2167.6
439 1.64569 -18.4001 -2.07222
440 1.82135 10.2044 2.2024
441 -3.76697 1.46408 0.627589
442 -11.1074 6.63277 -0.355844
443 -11.8257 -10.6885 2.74079
444 11.4197 -15.9271 3.97459
445 13.1465 12.1455 3.38749
446 10.187 -11.7085 4.04409
447 12.7585 10.1355 2.85504
448 3.42471 -0.0592175 0.536068
449 2.84959 3.75896 1.11511
450 -0.5763 7.50354 1.51038
451 8.22231 -5.58409 1.86191
452 9.22442 -12.552 3.00876
453 -9.04111 11.1533 0.199396
454 1.77885 2.75804 1.37948
455 -71.6168 -20.2373 11.4488
456 6.296 1.19059 1.24151
458 -0.0186441 9.1208 1.17902
459 -0.783202 -5.03648 0.302924
460 -1.33475 -2.35365 0.106286
462 -11.7021 -9.90126 1.52929
463 4.69429 -3.3203 2.91829
464 -0.082046 5.09684 0.0801715
465 -10.0029 -10.4644 1.81613
466 -1.43041 -7.3166 0.70475
467 -46.6201 23.234 3.85465
468 9.01322 -12.2596 3.40571
469 3.26658 -1.07162 1.79783
470 7.90749 -5.73941 -0.0154245
471 -2.89072 -8.07341 0.85037
472 0.873372 -2.12061 0.542392
474 -6.13844 -1.36878 0.259195
475 7.76231 -5.82595 -0.105366
476 -8.0918 -3.30431 1.23878
477 7.82711 -14.6835 -4.77822
478 -4.47026 7.70448 1.02705
479 -4.88885 -5.78627 0.922446
480 -4.41506 3.96995 0.277518
481 18.2846 -24.7201 1.42828
482 13.4857 -15.6455 1.64388
483 -7.43187 -5.55585 0.747876
484 4.6773 -5.02561 0.357743
487 2.92153 4.14077 0.926463
488 9.74944 -10.5159 -3.39769
491 3.61561 -2.14894 0.333643
492 8.04036 -5.59084 -0.679407
493 2.5034 -6.19357 0.178051
494 -1.24585 -2.02616 0.191572
495 0.991039 3.68394 1.85582
497 1.83142 -4.6583 0.0338524
498 4.03729 -4.17048 0.445993
499 -1.10787 5.33862 0.910899
500 12.2647 -26.2415 2.71112
501 -13.5982 -0.988718 3.51068
503 -16.91 15.9274 4.4123
505 7.21429 -23.5475 -3.81517
506 1.28026 4.12758 0.865304
507 -8.90957 -5.56515 1.28255
508 8.04573 -5.65136 -0.65776
509 3.5828 -2.33018 0.414016
510 7.22859 -5.23136 0.471522
511 -14.6556 -8.0984 4.67266
512 10.112 1.91745 2.9073
514 971.529 -1222.38 -236.665
516 3.37369 5.01069 0.43111
517 2.66901 7.70306 1.27602
518 8.65681 -4.95328 2.07663
519 2.20539 -0.0936441 1.81242
520 -23.0745 52.7738 13.3889
521 42.9972 49.0414 10.4851
522 -3.1467 -5.37695 0.983916
523 -30.5257 1.43194 8.61329
524 17.3377 -6.99377 -1.48579
525 -11.8556 -19.4247 0.165145
526 7.31197 2.9024 1.12976
527 -0.957919 -2.65647 0.00283336
528 -14.3164 -9.47106 4.3583
529 7.60846 -5.85771 -0.305767
531 7.58338 -5.25772 0.738304
532 5.09561 -3.98186 1.57448
533 4.74719 -0.566315 1.23473
534 -4.26474 5.03584 0.603827
537 6.58021 -2.88855 0.391975
538 -7.30484 -4.26973 0.142659
539 -0.56197 -3.80375 -0.249075
540 16.6063 -24.8049 4.86425
541 -1.05177 1.52145 0.16827
543 -6.80302 1.59732 0.933038
544 -4.05974 5.5812 0.986768
545 -9.00019 -1.53988 1.6287
546 11.393 -2.57754 -1.77047
547 0.201309 -6.73 1.03259
548 4.81621 -4.4078 0.872419
549 5.31657 4.47515 0.0730744
550 11.2794 0.184526 0.956646
551 -9.54016 -11.2696 0.969702
552 -1.41773 -2.36008 0.217986
553 -31.7223 3.35798 6.1216
555 2.47146 -6.53176 -0.143547
556 7.88076 1.52836 0.5345
559 -3.14697 -2.06023 0.584146
560 4.61363 -4.93651 0.222483
561 -2.72812 4.55588 0.22984
562 8.54667 -11.1149 2.96881
564 18.4595 4.83408 2.75765
565 4.62705 -5.0507 0.00796606
566 -1.51128 -10.0193 0.115415
567 7.73326 -7.13509 0.800525
568 5.35155 -4.58959 0.0440131
569 1.35665 10.539 1.13962
570 -7.53643 -4.80276 0.386816
571 11.6137 -7.68079 4.30056
573 2.93058 -0.215029 1.498
574 -9.58853 -2.73074 2.1078
575 -4.23137 -4.84776 1.1341
576 -9.50957 -7.16523 1.01249
577 0.537924 -4.13219 -0.0156134
578 2.24668 12.4168 1.70722
579 4.68079 3.11176 0.522434
581 2.68388 2.21573 0.00587648
582 5.36743 -0.518718 0.671919
584 2.67512 -6.49513 0.552676
585 -4.12864 15.9788 1.37326
586 15.3856 16.6861 2.75042
588 -1.63785 0.12633 -0.0790784
589 -55.3198 31.3321 12.0109
590 8.10887 3.24804 1.16389
591 1.56226 2.3186 0.800219
593 -6.00338 -6.5549 1.1632
594 -11.5295 -10.5853 1.60275
595 -9.95021 -3.42073 0.0542763
596 0.47432 2.92236 0.629654
597 3.52591 -4.50344 0.63268
599 0.503303 -0.303191 0.311014
600 -3.66363 -2.31538 0.578646
602 -24.7322 -35.8908 9.67092
603 2.48688 2.80874 0.940523
604 12.4506 -4.04984 0.348652
605 4.43633 1.03573 0.223871
606 -12.7379 -15.6294 0.425088
607 41.8166 -47.7011 -0.424729
608 5.14185 -0.576483 0.210031
609 -10.543 -2.62041 0.814937
610 -1.51459 1.82443 2.03057
611 -12.2283 -4.1421 1.77683
612 5.60311 -0.840584 0.398199
613 -4.46379 2.25532 1.36768
614 -7.72858 7.37797 1.6768
615 -185.72 -206.159 49.8984
616 -8.78051 10.9648 0.65473
617 3.23049 -2.10629 0.864673
618 8.59501 -8.5265 1.99075
619 6.51106 -0.588635 1.01235
620 3.82211 -5.48203 1.58083
621 10.1089 -0.510035 1.74182
622 0.537384 -0.281314 0.88292
623 -1.47859 -2.28501 0.22717
624 6.57559 -0.652791 0.284306
626 -12.2079 -7.59096 3.95977
627 1.91589 5.56205 1.49743
628 -0.64227 -26.0132 -2.33327
629 8.44571 -4.69775 2.77886
630 5.29716 2.42594 0.328926
631 -0.33905 -3.86855 -0.0348575
632 2.645 -0.0303198 0.00165369
634 -6.29926 -5.18797 1.23895
635 -3.94653 -4.36703 0.014944
637 7.49661 -5.29129 1.56092
638 2.86614 -5.3007 0.510009
639 4.38569 -6.38231 0.625524
640 1.46249 -19.2272 -1.17037
642 -2.44575 -4.19518 1.53005
644 -0.370866 2.83483 1.67819
646 -6.78974 0.771414 -0.545938
648 -4.99734 -2.39766 0.469876
650 -1.47087 -2.33771 0.0471548
651 3.6083 -4.76014 0.826469
652 -15.6027 -16.4839 0.13879
654 -6.95153 2.22043 0.0305037
655 1.94726 1.53178 0.269423
657 -13.5434 -6.67774 1.69929
658 1.78922 1.78866 0.259701
659 63.6132 56.0969 -7.48581
661 3.33506 -2.49548 0.714457
662 -12.1962 5.09589 1.73488
663 20.3194 -22.7689 -1.54164
664 5.01863 -5.12607 0.976059
665 3.30099 -5.61974 0.481682
667 2.05809 0.425089 0.896679
668 6.31861 2.76423 1.512
669 -1.54388 6.60811 0.110659
671 9.0708 -8.42497 1.85696
673 15.3948 -23.2858 0.174142
674 5.94687 -10.7827 -0.314174
676 5.82162 -4.33247 -0.0910753
677 -7.82724 6.84915 0.426313
678 0.220107 8.00368 1.78262
679 -3.49296 -2.31864 0.515652
680 -6.43909 -0.619822 0.262251
681 43.5518 -9.18355 7.53161
683 -7.35783 2.83472 2.00896
685 5.72954 -2.31212 -0.430262
686 -0.34027 -6.00598 0.540627
688 -1.49473 -6.7983 0.038616
689 -0.302355 -3.85138 -0.362927
691 0.870962 -1.29398 0.636429
692 6.39667 -5.82746 1.23036
693 -7.22369 -2.0329 0.44738
694 6.96608 -9.91469 -0.517211
695 5.34209 -4.59617 0.0486642
696 -10.1214 -10.6519 0.207277
697 15.072 -7.05469 2.87599
698 13.0804 -5.58523 0.945796
699 -9.29445 -4.93794 0.160792
700 -6.32758 -6.32401 0.490999
701 -4.03056 -7.91345 1.14714
702 0.858292 -6.5429 0.532682
703 8.37444 -4.12909 1.43911
704 -1.33771 -25.8747 -3.89356
705 -4.27775 4.05367 0.0176008
706 -15.004 -2.48016 2.49591
707 3.33981 -6.80849 0.517486
708 -6.20322 -4.78484 1.5418
709 10.2638 -5.05974 1.45934
710 -9.05964 0.626903 3.04436
713 -11.4697 -9.92044 1.95965
715 -10.9316 0.0702108 0.0545723
717 2.99641 2.91484 0.832783
719 -1.4033 -2.25628 0.286497
720 -10.2934 3.79998 3.93792
721 341.985 -777.854 122.157
722 4.59498 -5.0819 0.452447
724 2.57983 -5.4651 0.833256
725 0.593228 -0.843625 0.310382
726 26.8388 -42.6073 -5.3092
727 -1.49691 -2.34469 0.051453
728 -13.9678 -19.0134 6.15842
729 -7.50833 4.00437 0.031447
730 6.54618 2.88867 0.532847
731 10.4961 -12.3559 0.72241
733 6.01435 -4.90214 1.19384
734 -16.9752 -12.1573 1.73107
735 -1.6605 -2.38853 0.0346247
736 -0.881639 -2.7905 0.0153074
737 5.23452 -0.118399 0.345865
738 -3.84731 -6.74255 0.203349
739 10.7332 1.99358 0.563512
740 10.7487 -0.85859 1.1729
741 99.9757 94.2354 -9.30647
742 7.11337 -6.08639 1.20408
743 12.3672 -18.3083 1.54642
745 0.0828924 -8.62788 2.25248
746 8.96458 -12.185 1.13148
748 -4.43196 -2.78528 0.528084
749 6.13375 0.901482 0.408646
750 -10.3096 12.3739 0.285645
751 4.56323 -4.91482 0.0859599
752 3.3251 -2.24773 0.78236
753 9.22759 -3.55168 1.5214
754 13.2208 -4.16878 2.59949
755 1.31734 -4.3383 0.0110718
756 -4.45681 4.05364 0.699651
758 -5.31868 -3.99943 0.355412
760 -3.71443 -3.23176 1.242
762 6.75536 -5.13849 0.324707
763 3.17683 -5.30415 1.12354
764 4.94399 -3.58278 0.546099
765 9.66427 3.80154 1.59539
766 -2.51253 -5.72067 0.706095
767 -1.34484 -3.60319 0.0190222
768 5.93295 -1.30271 0.878098
769 -2.60951 -2.31063 1.1026
770 -7.73984 -0.905568 2.53461
771 -6.2919 0.993181 -0.467743
772 -8.47827 -5.90153 1.64861
773 11.4121 0.514993 -3.24447
774 1.87177 -4.6622 -0.00425371
775 3.29904 -6.45217 1.34817
776 5.4144 -4.59856 0.12548
777 2.63173 -0.610952 0.995043
778 4.59573 0.590817 0.204166
780 388.069 -1060.05 -2.20951
782 3.52099 -17.1684 0.334299
783 -1.79516 -3.48035 0.31789
784 -5.35302 -6.24177 1.54074
786 -8.88319 -5.47041 0.825902
787 -10.3388 -3.11365 1.8508
788 -7.13612 -4.45085 0.364491
789 5.18068 -0.977945 0.260628
790 5.28421 -1.15398 -0.0136897
791 12.6656 -17.7468 3.65697
794 3.36788 -2.82219 0.298671
795 -27.0295 4.1721 4.63597
796 -7.15803 -0.416487 0.529409
797 3.48399 -2.9917 0.499427
798 -3.5106 2.59612 1.16289
799 0.808605 -6.79766 0.924383
800 -1.15019 -1.9806 0.190784
801 3.87947 -6.37161 0.835205
802 4.18227 -5.0789 0.1513
803 14.7848 11.0952 3.17457
804 2.73042 1.50602 0.390793
805 -2.06798 6.28582 2.48112
806 2.03385 6.18898 0.0552952
808 -5.73246 -5.69961 0.942206
809 5.21181 1.17643 0.989107
810 -3.62512 -4.06288 0.35319
811 5.61841 -2.98218 0.42174
812 -7.72068 -6.25509 0.154042
813 6.56191 3.34276 0.082926
815 3.82554 -1.70191 2.32792
816 -4.45309 4.28405 1.23721
817 6.32077 2.68211 0.923812
818 -31.5523 -40.3493 8.77592
819 7.86535 -5.75512 -0.292395
820 -5.83512 3.59423 1.83742
821 4.12556 -4.87221 0.980934
822 20.5164 -116.54 -5.45735
823 9.11151 4.6241 2.1853
824 -1.40526 -7.3926 0.193818
825 -3.05072 -4.57616 1.28993
826 -4.48611 14.0924 1.90617
829 -2.92121 -6.48484 1.43017
831 5.29384 5.29713 0.0765601
832 -3.85064 5.87744 1.70148
833 1.96908 -5.65089 1.04237
834 -6.7823 -2.64737 0.345925
835 -8.3135 7.21175 0.988931
836 -4.3904 -2.64927 0.570507
837 3.27259 0.947875 1.37228
838 -6.73966 -4.85519 0.82485
839 33.4974 -16.4907 3.80401
840 -15.2409 -8.99178 3.56682
841 3.29646 -2.8442 0.664479
842 4.88008 -0.76191 -0.317514
843 3.80904 -2.31388 0.775494
844 -9.75865 -1.96766 0.609819
845 10.7342 -2.09576 0.565936
846 2.90316 1.73371 0.09789
847 -0.747305 4.05009 0.45807
848 -1.75525 -1.97799 0.300197
849 -13.8381 -14.9615 4.35567
850 -14.5134 -1.73476 2.84831
851 -5.49292 -4.13508 0.327008
852 -13.7463 -0.910876 4.35463
853 1.88832 -18.9516 -3.72048
854 0.315918 -0.149716 0.187308
855 -0.158565 -8.81238 2.79
856 -0.632368 -3.78197 -0.138754
857 7.65977 -6.9673 0.455183
858 -0.786262 2.57097 1.61322
860 8.93548 -6.08625 0.141913
861 -0.906173 -2.91348 1.07183
862 2.30659 -3.05886 0.377072
863 -3.42955 -1.31109 1.69079
865 6.42069 3.44553 0.53558
866 96.8085 61.522 28.688
867 2.00259 0.163644 0.315644
868 2.67114 3.9718 0.55345
869 -7.40719 15.643 0.288289
870 41.8859 32.1542 -3.24596
871 -13.0075 -1.67624 1.62355
872 12.1849 16.2254 4.4188
873 -0.830618 -2.85772 -0.00215065
874 7.296 2.0377 0.373819
876 -0.492672 1.606 2.16741
877 10.1684 -22.0862 -5.25063
878 1.72374 2.01931 0.10939
879 1.73032 -5.63456 0.853451
880 -1.80592 3.88184 1.47667
881 1.59083 8.09871 1.84111
882 6.64923 -3.16819 1.57785
883 -0.409347 2.66135 0.480364
884 2.53175 -4.8099 0.0517093
885 7.86976 -5.2524 3.50094
886 2.80427 1.27057 0.827172
887 -1.12647 -3.8462 0.414391
888 -0.532971 -3.29381 0.749376
889 7.43816 0.292785 0.153702
890 -5.7555 -4.74027 1.38263
891 -7.36429 -4.5869 0.396978
892 4.93704 -0.0790277 1.56272
894 -5.08044 -0.24552 1.26822
895 -5.86227 -5.2253 0.47082
897 4.86867 -27.4783 -5.09342
898 10.2665 2.57576 0.275154
899 -4.22932 3.62111 0.940217
902 -5.52514 -1.25611 0.514682
903 6.31788 -7.64202 1.66299
904 8.75976 -8.963 1.83146
905 2.48811 2.15098 1.2417
906 7.90194 -5.84349 0.947441
907 1.46899 -18.4933 -1.05385
908 2.2423 -2.46548 0.958319
909 -4.31148 4.96584 0.658376
910 2.30024 1.98287 0.701078
911 112.833 83.9586 26.3248
912 5.15795 -1.66173 -0.717747
915 -2.98849 -3.36116 0.332161
916 2.45108 -7.64031 -0.983915
917 -2.67012 -6.46275 1.53605
918 5.10418 -7.76614 0.429306
919 -5.49022 -3.89146 1.67728
920 3.40792 1.87649 0.442087
921 -5.503 -4.64454 1.10859
922 -6.05437 -8.43566 1.05411
923 -10.4676 -3.41675 0.945266
924 -2.60581 12.5269 0.595905
925 4.58483 -5.04745 0.329229
926 -25.3561 -14.0455 -1.70782
927 1.45358 0.608809 0.846875
928 2.46363 0.78674 0.500869
929 1.47091 3.43914 1.48083
930 -10.2762 -10.4741 2.28352
931 4.62592 -4.9824 0.378266
934 40.3197 -31.4877 -15.3901
935 12.8605 -11.0855 0.668331
936 7.57625 -5.82758 -0.613087
937 0.282622 -0.313327 0.0535675
938 -9.23867 -11.3307 0.988941
939 2.49936 0.693114 0.343141
940 -17.1089 -9.30179 2.41196
941 73.613 -0.703782 -8.68289
942 3.38813 -2.69588 0.186394
943 3.72463 -7.23098 0.163696
944 0.917761 -0.926491 0.870516
946 -3.92324 1.65212 0.712458
947 6.57454 -34.7453 -7.59733
949 4.63765 -6.01779 0.0884369
951 5.27821 2.37706 0.448956
952 -8.3063 -1.51186 1.402
953 -3.45978 9.02704 2.47699
954 0.255374 -5.08075 0.18235
956 -6.72895 -6.17579 0.0711685
957 -6.68761 0.507645 1.40353
958 72.6391 -77.3676 -28.3883
961 4.63738 -5.05673 0.523981
962 0.424792 -2.94822 0.41142
963 2.51342 0.243074 0.577816
965 7.61328 -5.82007 -0.483907
966 -4.44601 10.3587 0.797199
967 3.60008 -1.88193 0.420813
968 2.47427 6.78213 2.15244
969 -47.9345 40.2357 -0.0458354
970 -38.1102 1.7828 6.62121
971 4.89842 -0.507033 1.10139
972 -0.588474 8.57213 2.04463
973 -7.47182 -0.736934 2.06675
974 -15.2243 15.6955 0.637064
976 -141.421 -88.0543 22.0472
977 4.57021 -5.02582 0.296001
978 -400.233 478.605 49.5115
979 1.58297 1.61494 1.41248
980 -2.38774 2.2849 0.301391
981 -8.74056 -4.96538 1.57367
983 -7.71735 -8.40299 2.05057
984 -0.0571898 5.50754 1.07755
985 -2.30497 -9.66555 0.517575
986 -56.8797 31.4976 1.98605
987 -5.80775 -8.02006 1.24904
988 7.24634 2.57616 -0.8243
989 2.04204 1.16017 0.0317572
990 -4.40598 17.8918 2.45686
991 9.20838 -8.57448 -0.155817
993 -44.8677 132.714 33.7745
994 5.05226 -1.99605 1.06123
996 8.61332 -1.84353 1.49832
997 2.27646 6.25143 0.149929
998 -3.76677 -4.18554 1.23459
999 -3.5951 -6.52295 0.87685
