0.00160159 0 0 -0.000259093
0.199821 0.00162541 3.09641e-13 0.0137885
0.406303 0.00584173 1.17961e-14 0.0260892
0.605706 0.0106708 -7.21367e-13 0.0211059
0.820184 0.0112369 2.40558e-13 0.00255117
1.01217 0.0102473 -1.52656e-15 -0.0182592
1.19928 0.00582261 -1.03528e-14 -0.0295553
1.40395 -5.74928e-05 -1.4988e-15 -0.0310823
1.59877 -0.00626311 8.63198e-15 -0.0307752
1.78719 -0.0122228 1.27676e-14 -0.0236181
1.98683 -0.0178444 7.04714e-14 -0.0365003
2.19729 -0.0226588 1.04361e-14 -0.0140135
2.4091 -0.0258724 4.16889e-14 -0.0194001
2.6066 -0.0312996 4.71317e-13 -0.0374593
2.82054 -0.0447542 6.60305e-14 -0.090531
3.02268 -0.0664734 -1.16265e-12 -0.126053
3.21574 -0.0937795 1.54982e-12 -0.160416
3.43236 -0.133871 -7.72818e-10 -0.20976
3.62735 -0.178546 3.79173e-07 -0.248599
3.80101 -0.228089 -2.05891e-13 -0.296675
3.98542 -0.290657 -3.69343e-12 -0.355072
4.15209 -0.359208 -9.35363e-15 -0.434882
4.34116 -0.453249 -4.94049e-15 -0.492824
4.5336 -0.562997 -4.30211e-15 -0.549557
4.7071 -0.675202 -4.30211e-15 -0.605752
4.86763 -0.793975 -3.83027e-15 -0.662431
5.02726 -0.927672 -2.72005e-15 -0.721112
5.1857 -1.07148 -1.77636e-15 -0.781621
5.31402 -1.20609 -1.19349e-15 -0.838411
5.44807 -1.36335 -6.10623e-16 -0.901343
5.56744 -1.52765 -2.498e-16 -0.974166
5.68081 -1.70208 -3.05311e-16 -1.03841
5.76474 -1.85005 5.55112e-17 -1.0969
5.84535 -2.02166 4.44089e-16 -1.16288
5.91594 -2.19952 2.77556e-17 -1.22229
5.97952 -2.39193 -8.18789e-15 -1.27815
6.03763 -2.59806 -5.1209e-14 -1.31184
6.08524 -2.7957 -6.31717e-14 -1.34305
6.12723 -2.99124 -6.36077e-12 -1.38244
6.16218 -3.19718 5.81835e-12 -1.42114
6.18437 -3.37431 1.0314e-13 -1.47301
6.20016 -3.59942 2.6007e-14 -1.52541
6.20137 -3.79655 6.88338e-15 -1.59348
6.18921 -3.97819 -1.06581e-14 -1.69159
6.15947 -4.17389 -1.55959e-13 -1.75288
6.11462 -4.39202 -8.32667e-15 -1.80112
6.06531 -4.57219 -2.59287e-12 -1.88257
5.98455 -4.79067 1.73807e-09 -1.99322
5.95325 -4.86 2.21498e-12 -2.19983
5.97273 -4.83737 1.81417e-10 -2.36892
5.96817 -4.84008 -1.08935e-12 -2.56456
5.98669 -4.82904 2.05677e-12 -2.79019
5.98445 -4.82968 -6.65967e-13 -2.9565
5.78757 -4.83527 8.96592e-10 -3.09571
5.58872 -4.84082 -1.12371e-07 -3.13355
5.37768 -4.84222 6.30036e-10 -3.13686
5.15797 -4.84328 5.58809e-12 3.13815
4.94463 -4.8405 -3.49542e-11 3.12657
4.74891 -4.83718 6.50853e-07 3.11966
4.58206 -4.83215 -6.62439e-07 3.09564
4.36169 -4.82245 6.98677e-11 3.11145
4.18184 -4.81557 1.73014e-10 3.09662
3.95761 -4.80472 1.3835e-12 3.08741
3.75677 -4.79318 1.06443e-13 3.08102
3.54902 -4.78277 3.22445e-12 3.09286
3.34523 -4.7729 -2.25073e-08 3.10738
3.11189 -4.76358 1.46332e-10 3.09172
2.90125 -4.75634 2.39166e-09 3.10863
2.70768 -4.74548 -1.31548e-09 3.08409
2.52353 -4.73587 2.26711e-10 3.09137
2.32719 -4.72089 1.89432e-12 3.03971
2.11564 -4.69688 6.84536e-13 3.01322
1.93015 -4.66811 6.85804e-12 2.96758
1.72759 -4.62631 4.10551e-10 2.91624
1.54291 -4.57955 9.55006e-12 2.86436
1.35345 -4.52043 -6.18568e-10 2.81028
1.15501 -4.44443 2.11406e-12 2.732
0.947642 -4.3466 -3.33729e-09 2.6782
0.78956 -4.26299 -3.34406e-10 2.632
0.645954 -4.17612 1.3508e-10 2.55995
0.503842 -4.07711 1.32339e-13 2.50853
0.341357 -3.95211 -7.90741e-11 2.46461
0.189758 -3.82519 -1.5487e-10 2.41245
0.0385732 -3.68309 5.42261e-13 2.36189
-0.111843 -3.52866 -1.0893e-10 2.30977
-0.245678 -3.37419 -9.81437e-13 2.26633
-0.381224 -3.20222 4.37067e-13 2.2051
-0.490604 -3.0446 1.41692e-13 2.13753
-0.584019 -2.89874 -1.50125e-06 2.36563
-0.609607 -2.87846 1.13483e-11 2.55953
-0.628941 -2.86851 7.92355e-05 2.80902
-0.656579 -2.86326 -6.22907e-10 2.96538
-0.618609 -2.86274 3.72931e-10 -3.08865
-0.615752 -2.86509 -4.77756e-11 -2.91172
-0.795343 -2.92429 -1.88745e-09 -2.83289
-0.974237 -2.9846 2.35724e-10 -2.79844
-1.16248 -3.05503 3.61253e-12 -2.7612
-1.36452 -3.13822 4.39522e-08 -2.74445
-1.54444 -3.21323 9.18293e-12 -2.75156
-1.73212 -3.28893 3.62773e-11 -2.76817
-1.91073 -3.3665 4.1826e-09 -2.68451
-2.09173 -3.47169 1.94353e-12 -2.56006
-2.24486 -3.58574 9.24899e-13 -2.46509
-2.39591 -3.71926 -3.60323e-13 -2.36552
-2.53207 -3.86086 4.88387e-12 -2.30215
-2.66826 -4.02196 -4.04146e-11 -2.22656
-2.77988 -4.18 3.38396e-13 -2.14349
-2.88974 -4.36973 4.14718e-12 -2.05199
-2.96867 -4.5352 -1.89792e-08 -1.96739
-3.0436 -4.73957 -1.9549e-08 -1.87488
-3.0961 -4.95944 -3.00036e-08 -1.74426
-3.1177 -5.14408 1.84278e-11 -1.64251
-3.12214 -5.35414 1.69042e-11 -1.53581
-3.1074 -5.54282 1.10653e-11 -1.44598
-3.07224 -5.76321 -7.40063e-11 -1.37467
-3.0231 -5.95591 -9.68559e-13 -1.26925
-2.96468 -6.11875 1.86953e-11 -1.17618
-2.88526 -6.2882 -8.61253e-12 -1.09158
-2.78805 -6.46158 -3.14452e-11 -1.02149
-2.67885 -6.62499 2.34812e-14 -0.937496
-2.5721 -6.75882 -2.64096e-10 -0.85595
-2.43472 -6.90258 2.29261e-14 -0.764773
-2.27986 -7.03936 -2.12885e-12 -0.684464
-2.11217 -7.16564 -6.16313e-13 -0.603746
-1.93655 -7.27489 -2.90564e-11 -0.508324
-1.74741 -7.36522 -9.3564e-14 -0.380809
-1.57324 -7.42744 -2.83107e-14 -0.296703
-1.38839 -7.47594 -1.80689e-14 -0.210989
-1.19025 -7.51026 -1.54321e-14 -0.11536
-0.983876 -7.52345 -1.51823e-14 -0.023196
-0.779912 -7.519 -1.40998e-14 0.0650781
-0.558779 -7.49602 -1.41553e-14 0.142972
-0.361268 -7.45518 -1.39055e-14 0.267718
-0.170207 -7.39638 -1.27121e-14 0.340029
0.0186113 -7.31889 -1.2601e-14 0.435704
0.1701 -7.24153 -1.08524e-14 0.512678
0.354973 -7.12675 -1.1352e-14 0.60503
0.520078 -7.00049 -1.51823e-14 0.702994
0.654188 -6.88144 -1.70419e-14 0.74278
0.793152 -6.75207 -1.64035e-14 0.741977
0.937316 -6.61695 4.39648e-14 0.757831
1.08439 -6.47997 2.77001e-14 0.746275
1.2198 -6.35372 8.49321e-15 0.747913
1.36445 -6.22027 -2.42584e-14 0.746251
1.54634 -6.05324 -1.25205e-13 0.738074
1.68964 -5.92451 -2.9643e-10 0.731185
1.82215 -5.80431 4.38857e-09 0.730787
1.99039 -5.65067 -7.67386e-13 0.765569
2.13339 -5.5064 1.23277e-08 0.827428
2.25991 -5.36535 -3.31871e-12 0.86918
2.39111 -5.20174 -1.30557e-10 0.921388
2.50044 -5.04684 3.88843e-11 0.990255
2.60467 -4.88422 -1.1489e-10 1.02119
2.71813 -4.69132 -1.89459e-07 1.05832
2.81808 -4.50986 3.38275e-09 1.08922
2.90745 -4.32362 -7.01085e-09 1.14566
2.992 -4.12137 1.37652e-08 1.19413
3.06174 -3.93308 3.52009e-11 1.24965
3.11861 -3.74581 -2.69184e-10 1.31372
3.15786 -3.57295 -8.28331e-09 1.38709
3.1923 -3.35965 2.68662e-10 1.4344
3.21674 -3.15542 -3.1979e-07 1.47125
3.23314 -2.96889 -2.55754e-11 1.51176
3.24059 -2.76534 1.52757e-11 1.55065
3.23979 -2.54481 -1.03259e-11 1.58527
3.23059 -2.34422 5.85673e-12 1.63158
3.21417 -2.14177 1.28925e-11 1.68039
3.18911 -1.95836 -9.75564e-08 1.72005
3.1576 -1.78627 8.78563e-11 1.78789
3.11159 -1.60217 -2.84323e-11 1.83439
3.06064 -1.42429 -4.79968e-11 1.87295
3.002 -1.25543 -1.54517e-10 1.93164
2.92197 -1.04839 -5.44678e-12 1.95564
2.84188 -0.862969 1.23759e-10 2.00365
2.75643 -0.686 4.61612e-06 2.03784
2.66155 -0.515517 -1.15719e-05 2.11705
2.54942 -0.336817 -2.90616e-09 2.15857
2.43809 -0.180178 1.36692e-09 2.21285
2.31505 -0.0207949 -3.09885e-12 2.24535
2.1794 0.139847 1.54021e-12 2.28932
2.06688 0.262359 3.79509e-11 2.34094
1.89828 0.42243 1.83184e-12 2.41762
1.73082 0.56316 3.26961e-13 2.45932
1.57592 0.680407 -5.04935e-12 2.51288
1.42193 0.786062 -1.78528e-09 2.56348
1.27009 0.877922 7.57838e-13 2.63848
1.09205 0.972593 -1.35289e-08 2.67268
0.897459 1.06492 1.70039e-12 2.74161
0.709283 1.13935 3.33455e-13 2.79225
0.495444 1.21079 1.11636e-12 2.84353
0.294586 1.26503 7.12208e-14 2.88897
0.131145 1.30331 -1.39022e-12 2.91912
-0.0520948 1.34433 -1.81208e-12 2.9118
-0.250002 1.38451 1.29341e-14 2.97622
-0.440892 1.40811 -2.4069e-10 3.05953
-0.634776 1.41601 3.48555e-13 3.13996
-0.850578 1.40949 -2.33313e-13 -3.08348
-1.05351 1.38727 6.31079e-13 -2.98421
-1.2728 1.34743 1.82689e-11 -2.9338
-1.48688 1.29344 3.95933e-13 -2.86206
